\begin{table}
\centering
\caption{Correlation matrix of the standardised variables.}
\label{tab:Data_correlation}
\begin{tabular}{lrrrrrrrrrrrr}
\toprule
{} &    HML &      M &    DEF &   TERM &   RREL &     DP &     PE &    VOL &    INF &     UE &     IP &    REC \\
\midrule
HML  &  1.000 & -0.199 & -0.038 &  0.028 &  0.088 &  0.009 & -0.010 & -0.059 &  0.018 &  0.042 & -0.048 & -0.013 \\
M    & -0.199 &  1.000 &  0.028 & -0.065 & -0.094 &  0.079 & -0.068 & -0.092 & -0.012 & -0.004 &  0.017 & -0.019 \\
DEF  & -0.038 &  0.028 &  1.000 & -0.265 & -0.354 &  0.119 & -0.313 &  0.323 &  0.302 &  0.218 & -0.172 &  0.343 \\
TERM &  0.028 & -0.065 & -0.265 &  1.000 &  0.515 &  0.247 & -0.033 & -0.139 &  0.174 & -0.390 &  0.137 &  0.044 \\
RREL &  0.088 & -0.094 & -0.354 &  0.515 &  1.000 &  0.017 &  0.029 & -0.118 & -0.013 &  0.116 &  0.077 & -0.362 \\
DP   &  0.009 &  0.079 &  0.119 &  0.247 &  0.017 &  1.000 & -0.838 & -0.067 &  0.312 & -0.104 &  0.092 &  0.291 \\
PE   & -0.010 & -0.068 & -0.313 & -0.033 &  0.029 & -0.838 &  1.000 &  0.015 & -0.318 & -0.112 & -0.010 & -0.276 \\
VOL  & -0.059 & -0.092 &  0.323 & -0.139 & -0.118 & -0.067 &  0.015 &  1.000 & -0.011 & -0.011 & -0.017 &  0.191 \\
INF  &  0.018 & -0.012 &  0.302 &  0.174 & -0.013 &  0.312 & -0.318 & -0.011 &  1.000 & -0.048 &  0.033 &  0.221 \\
UE   &  0.042 & -0.004 &  0.218 & -0.390 &  0.116 & -0.104 & -0.112 & -0.011 & -0.048 &  1.000 &  0.015 & -0.331 \\
IP   & -0.048 &  0.017 & -0.172 &  0.137 &  0.077 &  0.092 & -0.010 & -0.017 &  0.033 &  0.015 &  1.000 &  0.062 \\
REC  & -0.013 & -0.019 &  0.343 &  0.044 & -0.362 &  0.291 & -0.276 &  0.191 &  0.221 & -0.331 &  0.062 &  1.000 \\
\bottomrule
\end{tabular}
\end{table}
