\begin{longtable}{rrrrrrrrrr}
\caption{Relative SSD of the 30 models with lowest training loss.}
\label{tab:SSD_lossK_P_30}\\
\toprule
 Model &   DEF &  TERM &  RREL &    DP &    PE &   VOL &   INF &    UE &    IP \\
\midrule
\endfirsthead
\caption[]{Relative SSD of the 30 models with lowest training loss.} \\
\toprule
 Model &   DEF &  TERM &  RREL &    DP &    PE &   VOL &   INF &    UE &    IP \\
\midrule
\endhead
\midrule
\multicolumn{10}{r}{{Continued on next page}} \\
\midrule
\endfoot

\bottomrule
\endlastfoot
   558 & 0.272 & 0.004 & 0.015 & 0.013 & 0.064 & 0.055 & 0.540 & 0.010 & 0.026 \\
    25 & 0.030 & 0.030 & 0.104 & 0.048 & 0.425 & 0.310 & 0.026 & 0.019 & 0.007 \\
   847 & 0.019 & 0.002 & 0.069 & 0.112 & 0.012 & 0.544 & 0.117 & 0.016 & 0.108 \\
   604 & 0.004 & 0.000 & 0.001 & 0.056 & 0.011 & 0.865 & 0.001 & 0.025 & 0.037 \\
  1069 & 0.014 & 0.207 & 0.127 & 0.033 & 0.069 & 0.052 & 0.253 & 0.044 & 0.200 \\
   350 & 0.041 & 0.066 & 0.032 & 0.005 & 0.034 & 0.055 & 0.476 & 0.006 & 0.285 \\
   479 & 0.012 & 0.052 & 0.005 & 0.015 & 0.025 & 0.766 & 0.080 & 0.016 & 0.029 \\
    47 & 0.255 & 0.041 & 0.020 & 0.062 & 0.100 & 0.301 & 0.042 & 0.135 & 0.044 \\
    94 & 0.003 & 0.014 & 0.009 & 0.007 & 0.007 & 0.786 & 0.004 & 0.089 & 0.080 \\
   352 & 0.009 & 0.009 & 0.002 & 0.004 & 0.006 & 0.724 & 0.082 & 0.010 & 0.154 \\
   555 & 0.051 & 0.063 & 0.174 & 0.125 & 0.012 & 0.265 & 0.173 & 0.072 & 0.067 \\
   134 & 0.004 & 0.086 & 0.018 & 0.068 & 0.246 & 0.370 & 0.143 & 0.046 & 0.020 \\
  1146 & 0.113 & 0.041 & 0.147 & 0.003 & 0.082 & 0.150 & 0.055 & 0.247 & 0.161 \\
   809 & 0.442 & 0.002 & 0.007 & 0.290 & 0.059 & 0.007 & 0.053 & 0.080 & 0.060 \\
   794 & 0.003 & 0.097 & 0.039 & 0.041 & 0.000 & 0.309 & 0.066 & 0.325 & 0.119 \\
   722 & 0.009 & 0.008 & 0.088 & 0.114 & 0.472 & 0.069 & 0.031 & 0.199 & 0.010 \\
   384 & 0.201 & 0.050 & 0.024 & 0.060 & 0.134 & 0.063 & 0.079 & 0.227 & 0.160 \\
  1149 & 0.013 & 0.002 & 0.009 & 0.264 & 0.041 & 0.068 & 0.393 & 0.151 & 0.060 \\
  1191 & 0.005 & 0.015 & 0.184 & 0.014 & 0.250 & 0.221 & 0.010 & 0.142 & 0.159 \\
   823 & 0.112 & 0.324 & 0.143 & 0.009 & 0.039 & 0.226 & 0.024 & 0.002 & 0.121 \\
  1216 & 0.157 & 0.089 & 0.050 & 0.112 & 0.199 & 0.098 & 0.077 & 0.078 & 0.140 \\
   593 & 0.186 & 0.233 & 0.038 & 0.055 & 0.119 & 0.211 & 0.031 & 0.112 & 0.016 \\
  1090 & 0.060 & 0.035 & 0.004 & 0.256 & 0.119 & 0.098 & 0.099 & 0.013 & 0.316 \\
   274 & 0.017 & 0.040 & 0.004 & 0.007 & 0.024 & 0.593 & 0.178 & 0.122 & 0.018 \\
  1192 & 0.156 & 0.046 & 0.131 & 0.342 & 0.113 & 0.095 & 0.034 & 0.058 & 0.024 \\
   502 & 0.018 & 0.053 & 0.019 & 0.009 & 0.017 & 0.074 & 0.163 & 0.030 & 0.617 \\
   602 & 0.031 & 0.022 & 0.241 & 0.150 & 0.071 & 0.293 & 0.047 & 0.130 & 0.015 \\
  1166 & 0.084 & 0.197 & 0.063 & 0.043 & 0.166 & 0.174 & 0.077 & 0.066 & 0.129 \\
    95 & 0.245 & 0.174 & 0.044 & 0.075 & 0.050 & 0.077 & 0.050 & 0.036 & 0.250 \\
   997 & 0.008 & 0.135 & 0.080 & 0.003 & 0.008 & 0.101 & 0.141 & 0.394 & 0.131 \\
\end{longtable}
