\begin{longtable}{rrrrrrrrrr}
\label{tab:SSD_loss_30_loss_FP}\\
\toprule
 Model &   DEF &  TERM &  RREL &    DP &    PE &   VOL &   INF &    UE &    IP \\
\midrule
\endfirsthead

\toprule
 Model &   DEF &  TERM &  RREL &    DP &    PE &   VOL &   INF &    UE &    IP \\
\midrule
\endhead
\midrule
\multicolumn{10}{r}{{Continued on next page}} \\
\midrule
\endfoot

\bottomrule
\endlastfoot
   491 & 0.096 & 0.154 & 0.106 & 0.019 & 0.155 & 0.059 & 0.051 & 0.213 & 0.147 \\
   898 & 0.068 & 0.071 & 0.112 & 0.107 & 0.114 & 0.120 & 0.298 & 0.075 & 0.034 \\
   184 & 0.020 & 0.049 & 0.117 & 0.168 & 0.133 & 0.217 & 0.157 & 0.075 & 0.063 \\
   886 & 0.032 & 0.075 & 0.056 & 0.021 & 0.026 & 0.007 & 0.419 & 0.242 & 0.123 \\
   899 & 0.028 & 0.130 & 0.076 & 0.288 & 0.016 & 0.026 & 0.002 & 0.129 & 0.307 \\
   286 & 0.003 & 0.012 & 0.008 & 0.171 & 0.010 & 0.425 & 0.219 & 0.121 & 0.031 \\
   172 & 0.086 & 0.044 & 0.029 & 0.034 & 0.031 & 0.110 & 0.166 & 0.154 & 0.346 \\
   501 & 0.183 & 0.066 & 0.084 & 0.135 & 0.137 & 0.125 & 0.181 & 0.021 & 0.068 \\
   908 & 0.106 & 0.062 & 0.067 & 0.138 & 0.142 & 0.197 & 0.111 & 0.028 & 0.148 \\
   296 & 0.309 & 0.069 & 0.042 & 0.187 & 0.024 & 0.150 & 0.140 & 0.025 & 0.054 \\
   285 & 0.231 & 0.228 & 0.022 & 0.290 & 0.049 & 0.066 & 0.035 & 0.030 & 0.051 \\
   488 & 0.050 & 0.043 & 0.034 & 0.051 & 0.174 & 0.456 & 0.068 & 0.048 & 0.075 \\
  1215 & 0.155 & 0.122 & 0.012 & 0.187 & 0.108 & 0.232 & 0.023 & 0.151 & 0.009 \\
   479 & 0.010 & 0.013 & 0.204 & 0.135 & 0.125 & 0.055 & 0.037 & 0.167 & 0.254 \\
   297 & 0.107 & 0.070 & 0.077 & 0.006 & 0.108 & 0.181 & 0.251 & 0.045 & 0.156 \\
    95 & 0.014 & 0.032 & 0.000 & 0.095 & 0.101 & 0.694 & 0.039 & 0.006 & 0.018 \\
   476 & 0.066 & 0.201 & 0.021 & 0.021 & 0.023 & 0.483 & 0.014 & 0.089 & 0.081 \\
   275 & 0.276 & 0.187 & 0.025 & 0.116 & 0.053 & 0.177 & 0.087 & 0.032 & 0.046 \\
   173 & 0.015 & 0.027 & 0.035 & 0.075 & 0.198 & 0.449 & 0.043 & 0.122 & 0.036 \\
    71 & 0.208 & 0.006 & 0.008 & 0.059 & 0.029 & 0.161 & 0.378 & 0.067 & 0.084 \\
   287 & 0.127 & 0.058 & 0.103 & 0.119 & 0.039 & 0.067 & 0.357 & 0.021 & 0.109 \\
  1001 & 0.114 & 0.103 & 0.027 & 0.018 & 0.131 & 0.196 & 0.218 & 0.040 & 0.153 \\
   185 & 0.022 & 0.388 & 0.030 & 0.029 & 0.088 & 0.302 & 0.044 & 0.031 & 0.067 \\
   294 & 0.165 & 0.061 & 0.023 & 0.049 & 0.025 & 0.260 & 0.214 & 0.146 & 0.058 \\
   388 & 0.174 & 0.019 & 0.027 & 0.117 & 0.266 & 0.105 & 0.093 & 0.038 & 0.160 \\
   906 & 0.256 & 0.101 & 0.077 & 0.034 & 0.041 & 0.152 & 0.188 & 0.141 & 0.011 \\
   592 & 0.050 & 0.013 & 0.108 & 0.126 & 0.031 & 0.573 & 0.028 & 0.008 & 0.064 \\
    82 & 0.318 & 0.023 & 0.171 & 0.055 & 0.110 & 0.072 & 0.214 & 0.025 & 0.013 \\
    70 & 0.168 & 0.011 & 0.009 & 0.034 & 0.012 & 0.344 & 0.105 & 0.097 & 0.219 \\
  1090 & 0.051 & 0.017 & 0.004 & 0.329 & 0.048 & 0.042 & 0.107 & 0.019 & 0.384 \\
\end{longtable}
