\begin{longtable}{rrrrrrrrrr}
\caption{Relative SSD of the 30 models with lowest final loss.}
\label{tab:SSD_loss_FP_30}\\
\toprule
 Model &   DEF &  TERM &  RREL &    DP &    PE &   VOL &   INF &    UE &    IP \\
\midrule
\endfirsthead
\caption[]{Relative SSD of the 30 models with lowest final loss.} \\
\toprule
 Model &   DEF &  TERM &  RREL &    DP &    PE &   VOL &   INF &    UE &    IP \\
\midrule
\endhead
\midrule
\multicolumn{10}{r}{{Continued on next page}} \\
\midrule
\endfoot

\bottomrule
\endlastfoot
   491 & 0.090 & 0.160 & 0.114 & 0.017 & 0.156 & 0.048 & 0.048 & 0.225 & 0.143 \\
   898 & 0.073 & 0.075 & 0.112 & 0.100 & 0.111 & 0.101 & 0.313 & 0.078 & 0.036 \\
   184 & 0.020 & 0.055 & 0.117 & 0.157 & 0.130 & 0.245 & 0.147 & 0.071 & 0.058 \\
   886 & 0.035 & 0.073 & 0.055 & 0.022 & 0.026 & 0.007 & 0.412 & 0.251 & 0.120 \\
   899 & 0.028 & 0.127 & 0.076 & 0.285 & 0.018 & 0.029 & 0.002 & 0.134 & 0.300 \\
   286 & 0.003 & 0.011 & 0.008 & 0.167 & 0.011 & 0.442 & 0.212 & 0.116 & 0.031 \\
   172 & 0.088 & 0.047 & 0.031 & 0.037 & 0.032 & 0.120 & 0.174 & 0.146 & 0.325 \\
   501 & 0.162 & 0.065 & 0.087 & 0.136 & 0.152 & 0.120 & 0.193 & 0.022 & 0.063 \\
   908 & 0.108 & 0.061 & 0.062 & 0.135 & 0.130 & 0.194 & 0.123 & 0.025 & 0.161 \\
   296 & 0.287 & 0.075 & 0.042 & 0.191 & 0.023 & 0.156 & 0.140 & 0.027 & 0.059 \\
   285 & 0.218 & 0.215 & 0.025 & 0.291 & 0.052 & 0.074 & 0.034 & 0.030 & 0.060 \\
   488 & 0.051 & 0.036 & 0.035 & 0.050 & 0.181 & 0.465 & 0.064 & 0.049 & 0.068 \\
  1215 & 0.157 & 0.129 & 0.010 & 0.189 & 0.101 & 0.236 & 0.020 & 0.155 & 0.003 \\
   479 & 0.012 & 0.014 & 0.196 & 0.138 & 0.127 & 0.065 & 0.040 & 0.164 & 0.243 \\
   297 & 0.099 & 0.067 & 0.069 & 0.008 & 0.120 & 0.191 & 0.227 & 0.043 & 0.175 \\
    95 & 0.014 & 0.032 & 0.000 & 0.095 & 0.101 & 0.694 & 0.039 & 0.006 & 0.018 \\
   476 & 0.063 & 0.179 & 0.020 & 0.026 & 0.024 & 0.507 & 0.016 & 0.081 & 0.085 \\
   275 & 0.265 & 0.173 & 0.024 & 0.119 & 0.064 & 0.186 & 0.086 & 0.036 & 0.047 \\
   173 & 0.017 & 0.031 & 0.042 & 0.068 & 0.182 & 0.446 & 0.050 & 0.120 & 0.044 \\
    71 & 0.190 & 0.005 & 0.006 & 0.053 & 0.026 & 0.159 & 0.397 & 0.075 & 0.089 \\
   287 & 0.116 & 0.064 & 0.088 & 0.120 & 0.049 & 0.078 & 0.329 & 0.026 & 0.131 \\
  1001 & 0.114 & 0.103 & 0.027 & 0.018 & 0.131 & 0.196 & 0.218 & 0.040 & 0.153 \\
   185 & 0.026 & 0.361 & 0.034 & 0.030 & 0.077 & 0.310 & 0.050 & 0.034 & 0.077 \\
   294 & 0.161 & 0.066 & 0.030 & 0.054 & 0.028 & 0.253 & 0.206 & 0.142 & 0.060 \\
   388 & 0.174 & 0.019 & 0.027 & 0.117 & 0.266 & 0.105 & 0.093 & 0.038 & 0.160 \\
   906 & 0.255 & 0.101 & 0.076 & 0.032 & 0.044 & 0.158 & 0.179 & 0.144 & 0.010 \\
   592 & 0.049 & 0.011 & 0.121 & 0.117 & 0.024 & 0.560 & 0.032 & 0.006 & 0.079 \\
    82 & 0.316 & 0.025 & 0.162 & 0.057 & 0.104 & 0.074 & 0.225 & 0.025 & 0.013 \\
    70 & 0.166 & 0.012 & 0.010 & 0.038 & 0.014 & 0.332 & 0.105 & 0.095 & 0.228 \\
  1090 & 0.051 & 0.017 & 0.004 & 0.329 & 0.048 & 0.042 & 0.107 & 0.019 & 0.384 \\
\end{longtable}
